1786691
1844265
1846941
1849931
1853577
1856428
1815461
1866748
1833216
1473645
1750425
1376775
1403686
1860556
1861843
1858910
1741839
1818810
1842395
1849545
1757145
1825740
1826282
1829654
1853565
1855359
1856306
1857350
1720898
1753812
1760615
1763436
1772883
1778610
1781260
1781750
1784788
1798922
1801784
1808201
1728279
1833211
1833319
1833210
1833215
1519114
1680566
1713167
1755575
1757454
1781054
1839319
1740312
1832076
1835096
1843273
1833214
1833189
1833209
1664328
1668042
1713166
1784706
1787697
1793825
1799321
1799703
1807032
1808249
1808533
1825528
1812259
1832019
1832077
1834945
1843269
1847225
1466527
1506383
1610509
1652633
1655683
1667992
1680565
1691091
1730344
1731623
1749423
1753809
1758027
1761889
1763598
1763609
1763634
1833190
1833208
1833213
1763602
1779536
1753163
1755435
1758083
1759620
1759625
1761888
1763633
1763636
1763655
1776554
1783152
1787696
1789543
1793824
1795212
1799463
1799704
1800720
1800903
1802968
1807033
1808532
1812751
1813431
1816607
1818518
1821937
1822701
1829808
1831246
1832179
1832222
1832242
1832245
1832248
1832278
1832298
1832305
1832309
1832311
1832315
1832318
1832325
1832329
1832773
1832847
1833992
1834410
1837113
1837119
1853801
1861872
1760166
1827145
1828787
1832018
1834952
1843265
1855421
1863324
