1815461 
1728279 
1473645 
1713167 
1750425 
1807032 
1758083 
1761888 
1789543 
1807033 
1813431 
1822701 
1760166 
1741839 
1757454 
1784706 
1825528 
1763636 
1763655 
1800720 
1812751 
1816607 
1763633 
1757145 
1720898 
1753812 
1760615 
1763436 
1772883 
1778610 
1781260 
1781750 
1784788 
1798922 
1801784 
1808201 
1680566 
1755575 
1781054 
1664328 
1668042 
1787697 
1799321 
1799703 
1808249 
1808533 
1506383 
1610509 
1652633 
1655683 
1667992 
1680565 
1691091 
1730344 
1731623 
1749423 
1753809 
1758027 
1761889 
1763598 
1763609 
1763634 
1763602 
1779536 
1755435 
1787696 
1795212 
1799704 
1800903 
1802968 
1808532 
1713166 
